1.4038461538461533 -1.666666666666667 21.82923631860875
1.147435897435897 -1.9230769230769234 21.669696809026807
1.6602564102564097 -1.666666666666667 21.5220759603661
-1.1602564102564106 1.4102564102564097 21.874076723183943
-1.1602564102564106 1.666666666666666 21.5220759603661
-1.416666666666667 1.4102564102564097 21.5220759603661
1.916666666666666 1.4102564102564097 21.5220759603661
1.916666666666666 1.1538461538461533 21.82923631860875
2.1730769230769225 0.8974358974358969 21.669696809026807
1.916666666666666 1.4102564102564097 21.5220759603661
1.6602564102564097 1.666666666666666 21.5220759603661
1.6602564102564097 1.4102564102564097 21.874076723183943
1.147435897435897 1.9230769230769225 21.669696809026807
1.4038461538461533 1.666666666666666 21.82923631860875
1.6602564102564097 1.666666666666666 21.5220759603661
1.147435897435897 -1.9230769230769234 21.669696809026807
1.4038461538461533 -1.666666666666667 21.82923631860875
1.147435897435897 -1.666666666666667 21.99353807784172
2.1730769230769225 -0.6410256410256414 21.82923631860875
2.1730769230769225 -0.8974358974358978 21.669696809026807
2.429487179487179 -0.384615384615385 21.41281879654682
2.429487179487179 -0.384615384615385 21.41281879654682
2.1730769230769225 -0.384615384615385 21.916114874039433
2.1730769230769225 -0.6410256410256414 21.82923631860875
0.8910256410256405 1.9230769230769225 21.82923631860875
1.147435897435897 1.9230769230769225 21.669696809026807
0.6346153846153841 2.179487179487179 21.41281879654682
1.4038461538461533 1.666666666666666 21.82923631860875
1.147435897435897 1.9230769230769225 21.669696809026807
1.147435897435897 1.666666666666666 21.99353807784172
1.6602564102564097 -1.666666666666667 21.5220759603661
1.916666666666666 -1.4102564102564106 21.5220759603661
1.6602564102564097 -1.4102564102564106 21.874076723183943
2.1730769230769225 -0.8974358974358978 21.669696809026807
1.916666666666666 -0.8974358974358978 21.99353807784172
1.916666666666666 -1.1538461538461542 21.82923631860875
1.916666666666666 -1.1538461538461542 21.82923631860875
1.916666666666666 -1.4102564102564106 21.5220759603661
2.1730769230769225 -0.8974358974358978 21.669696809026807
-0.13461538461538503 -2.1794871794871797 21.412818796546816
-0.13461538461538503 -1.9230769230769234 21.916114874039433
-0.3910256410256414 -1.9230769230769234 21.82923631860875
-0.3910256410256414 -1.9230769230769234 21.82923631860875
-0.6474358974358978 -1.9230769230769234 21.669696809026807
-0.13461538461538503 -2.1794871794871797 21.412818796546816
-1.416666666666667 1.1538461538461533 21.82923631860875
-1.6730769230769234 0.8974358974358969 21.669696809026807
-1.416666666666667 0.8974358974358969 21.99353807784172
-1.416666666666667 1.4102564102564097 21.5220759603661
-1.6730769230769234 0.8974358974358969 21.669696809026807
-1.416666666666667 1.1538461538461533 21.82923631860875
-0.9038461538461542 1.666666666666666 21.82923631860875
-0.6474358974358978 1.666666666666666 21.99353807784172
-0.6474358974358978 1.9230769230769225 21.669696809026807
-0.6474358974358978 1.9230769230769225 21.669696809026807
-1.1602564102564106 1.666666666666666 21.5220759603661
-0.9038461538461542 1.666666666666666 21.82923631860875
-0.6474358974358978 1.9230769230769225 21.669696809026807
-0.3910256410256414 1.9230769230769225 21.82923631860875
-0.13461538461538503 2.179487179487179 21.41281879654682
-1.6730769230769234 0.6410256410256405 21.82923631860875
-1.6730769230769234 0.8974358974358969 21.669696809026807
-1.9294871794871797 0.38461538461538414 21.412818796546816
-1.6730769230769234 -0.6410256410256414 21.82923631860875
-1.6730769230769234 -0.384615384615385 21.916114874039433
-1.9294871794871797 -0.384615384615385 21.412818796546816
0.6346153846153841 1.9230769230769225 21.916114874039433
0.8910256410256405 1.9230769230769225 21.82923631860875
0.6346153846153841 2.179487179487179 21.41281879654682
-0.13461538461538503 2.179487179487179 21.41281879654682
-0.3910256410256414 1.9230769230769225 21.82923631860875
-0.13461538461538503 1.9230769230769225 21.916114874039433
-1.416666666666667 -1.1538461538461542 21.82923631860875
-1.416666666666667 -0.8974358974358978 21.99353807784172
-1.6730769230769234 -0.8974358974358978 21.669696809026807
-1.416666666666667 -1.4102564102564106 21.522075960366095
-1.416666666666667 -1.1538461538461542 21.82923631860875
-1.6730769230769234 -0.8974358974358978 21.669696809026807
-1.6730769230769234 -0.8974358974358978 21.669696809026807
-1.6730769230769234 -0.6410256410256414 21.82923631860875
-1.9294871794871797 -0.384615384615385 21.412818796546816
-1.1602564102564106 -1.666666666666667 21.522075960366095
-1.1602564102564106 -1.4102564102564106 21.874076723183943
-1.416666666666667 -1.4102564102564106 21.522075960366095
-1.6730769230769234 0.38461538461538414 21.916114874039433
-1.6730769230769234 0.6410256410256405 21.82923631860875
-1.9294871794871797 0.38461538461538414 21.412818796546816
2.1730769230769225 0.6410256410256405 21.82923631860875
2.1730769230769225 0.38461538461538414 21.916114874039433
2.429487179487179 0.38461538461538414 21.41281879654682
2.429487179487179 0.38461538461538414 21.41281879654682
2.1730769230769225 0.8974358974358969 21.669696809026807
2.1730769230769225 0.6410256410256405 21.82923631860875
2.1730769230769225 0.8974358974358969 21.669696809026807
1.916666666666666 1.1538461538461533 21.82923631860875
1.916666666666666 0.8974358974358969 21.99353807784172
-0.6474358974358978 -1.9230769230769234 21.669696809026807
-0.6474358974358978 -1.666666666666667 21.99353807784172
-0.9038461538461542 -1.666666666666667 21.82923631860875
-0.9038461538461542 -1.666666666666667 21.82923631860875
-1.1602564102564106 -1.666666666666667 21.522075960366095
-0.6474358974358978 -1.9230769230769234 21.669696809026807
0.8910256410256405 -1.9230769230769234 21.82923631860875
0.6346153846153841 -2.1794871794871797 21.412818796546816
1.147435897435897 -1.9230769230769234 21.669696809026807
0.6346153846153841 -2.1794871794871797 21.412818796546816
0.8910256410256405 -1.9230769230769234 21.82923631860875
0.6346153846153841 -1.9230769230769234 21.916114874039433
0.12179487179487136 -2.1794871794871797 21.5220759603661
0.12179487179487136 -1.9230769230769234 21.95581849468151
-0.13461538461538503 -1.9230769230769234 21.916114874039433
-0.13461538461538503 -1.9230769230769234 21.916114874039433
-0.13461538461538503 -2.1794871794871797 21.412818796546816
0.12179487179487136 -2.1794871794871797 21.5220759603661
0.37820512820512775 1.1538461538461533 22.474049100459084
0.6346153846153841 1.1538461538461533 22.450903683861586
0.6346153846153841 1.4102564102564097 22.32807562064249
0.6346153846153841 1.4102564102564097 22.32807562064249
0.37820512820512775 1.4102564102564097 22.353687865052784
0.37820512820512775 1.1538461538461533 22.474049100459084
1.916666666666666 -0.6410256410256414 22.09723237415458
1.916666666666666 -0.8974358974358978 21.99353807784172
2.1730769230769225 -0.6410256410256414 21.82923631860875
2.1730769230769225 -0.6410256410256414 21.82923631860875
1.916666666666666 -0.8974358974358978 21.99353807784172
2.1730769230769225 -0.8974358974358978 21.669696809026807
2.1730769230769225 -0.6410256410256414 21.82923631860875
1.916666666666666 -0.384615384615385 22.160160456067256
1.916666666666666 -0.6410256410256414 22.09723237415458
2.1730769230769225 -0.384615384615385 21.916114874039433
1.916666666666666 -0.384615384615385 22.160160456067256
2.1730769230769225 -0.6410256410256414 21.82923631860875
2.1730769230769225 -0.12820512820512864 21.95581849468151
1.916666666666666 -0.384615384615385 22.160160456067256
2.1730769230769225 -0.384615384615385 21.916114874039433
1.916666666666666 -0.12820512820512864 22.19012584325296
1.916666666666666 -0.384615384615385 22.160160456067256
2.1730769230769225 -0.12820512820512864 21.95581849468151
1.6602564102564097 1.666666666666666 21.5220759603661
1.4038461538461533 1.666666666666666 21.82923631860875
1.4038461538461533 1.4102564102564097 22.064051415801718
1.6602564102564097 1.4102564102564097 21.874076723183943
1.6602564102564097 1.666666666666666 21.5220759603661
1.4038461538461533 1.4102564102564097 22.064051415801718
1.147435897435897 1.666666666666666 21.99353807784172
1.4038461538461533 1.4102564102564097 22.064051415801718
1.4038461538461533 1.666666666666666 21.82923631860875
1.147435897435897 1.4102564102564097 22.190125843252964
1.4038461538461533 1.4102564102564097 22.064051415801718
1.147435897435897 1.666666666666666 21.99353807784172
1.147435897435897 1.666666666666666 21.99353807784172
0.8910256410256405 1.9230769230769225 21.82923631860875
0.8910256410256405 1.666666666666666 22.09723237415458
1.147435897435897 1.9230769230769225 21.669696809026807
0.8910256410256405 1.9230769230769225 21.82923631860875
1.147435897435897 1.666666666666666 21.99353807784172
1.916666666666666 -1.1538461538461542 21.82923631860875
1.6602564102564097 -1.4102564102564106 21.874076723183943
1.916666666666666 -1.4102564102564106 21.5220759603661
1.6602564102564097 -1.1538461538461542 22.064051415801718
1.6602564102564097 -1.4102564102564106 21.874076723183943
1.916666666666666 -1.1538461538461542 21.82923631860875
0.6346153846153841 -0.384615384615385 22.645935608191966
0.8910256410256405 -0.6410256410256414 22.562705194350208
0.8910256410256405 -0.384615384615385 22.604936872202185
0.6346153846153841 -0.6410256410256414 22.604936872202185
0.8910256410256405 -0.6410256410256414 22.562705194350208
0.6346153846153841 -0.384615384615385 22.645935608191966
0.6346153846153841 -0.384615384615385 22.645935608191966
0.8910256410256405 -0.384615384615385 22.604936872202185
0.8910256410256405 -0.12820512820512864 22.625583634500398
0.8910256410256405 -0.12820512820512864 22.625583634500398
0.6346153846153841 -0.12820512820512864 22.666005070632288
0.6346153846153841 -0.384615384615385 22.645935608191966
0.37820512820512775 0.12820512820512775 22.685803469911715
0.6346153846153841 -0.12820512820512864 22.666005070632288
0.6346153846153841 0.12820512820512775 22.666005070632288
0.37820512820512775 -0.12820512820512864 22.685803469911715
0.6346153846153841 -0.12820512820512864 22.666005070632288
0.37820512820512775 0.12820512820512775 22.685803469911715
0.6346153846153841 0.38461538461538414 22.645935608191966
0.37820512820512775 0.12820512820512775 22.685803469911715
0.6346153846153841 0.12820512820512775 22.666005070632288
0.37820512820512775 0.38461538461538414 22.666005070632288
0.37820512820512775 0.12820512820512775 22.685803469911715
0.6346153846153841 0.38461538461538414 22.645935608191966
-1.6730769230769234 -0.12820512820512864 21.95581849468151
-1.9294871794871797 -0.12820512820512864 21.5220759603661
-1.9294871794871797 -0.384615384615385 21.412818796546816
-1.9294871794871797 -0.384615384615385 21.412818796546816
-1.6730769230769234 -0.384615384615385 21.916114874039433
-1.6730769230769234 -0.12820512820512864 21.95581849468151
-1.6730769230769234 -0.12820512820512864 21.95581849468151
-1.9294871794871797 0.12820512820512775 21.5220759603661
-1.9294871794871797 -0.12820512820512864 21.5220759603661
-1.6730769230769234 -0.12820512820512864 21.95581849468151
-1.6730769230769234 0.12820512820512775 21.95581849468151
-1.9294871794871797 0.12820512820512775 21.5220759603661
-0.3910256410256414 -0.12820512820512864 22.625583634500398
-0.3910256410256414 0.12820512820512775 22.625583634500398
-0.6474358974358978 0.12820512820512775 22.562705194350208
-0.3910256410256414 -0.12820512820512864 22.625583634500398
-0.6474358974358978 0.12820512820512775 22.562705194350208
-0.6474358974358978 -0.12820512820512864 22.562705194350208
-0.6474358974358978 -0.384615384615385 22.541090736164755
-0.3910256410256414 -0.12820512820512864 22.625583634500398
-0.6474358974358978 -0.12820512820512864 22.562705194350208
-0.3910256410256414 -0.384615384615385 22.604936872202185
-0.3910256410256414 -0.12820512820512864 22.625583634500398
-0.6474358974358978 -0.384615384615385 22.541090736164755
-0.9038461538461542 -0.6410256410256414 22.403277963786532
-0.6474358974358978 -0.384615384615385 22.541090736164755
-0.9038461538461542 -0.384615384615385 22.450903683861586
-0.6474358974358978 -0.6410256410256414 22.496781475215737
-0.6474358974358978 -0.384615384615385 22.541090736164755
-0.9038461538461542 -0.6410256410256414 22.403277963786532
-0.9038461538461542 -0.6410256410256414 22.403277963786532
-1.1602564102564106 -0.384615384615385 22.32807562064249
-1.1602564102564106 -0.6410256410256414 22.27502206383112
-0.9038461538461542 -0.384615384615385 22.450903683861586
-1.1602564102564106 -0.384615384615385 22.32807562064249
-0.9038461538461542 -0.6410256410256414 22.403277963786532
-0.6474358974358978 -0.6410256410256414 22.496781475215737
-0.9038461538461542 -0.6410256410256414 22.403277963786532
-0.6474358974358978 -0.8974358974358978 22.42732185763001
-0.6474358974358978 -0.8974358974358978 22.42732185763001
-0.9038461538461542 -0.6410256410256414 22.403277963786532
-0.9038461538461542 -0.8974358974358978 22.32807562064249
-0.3910256410256414 -0.6410256410256414 22.562705194350208
-0.6474358974358978 -0.384615384615385 22.541090736164755
-0.6474358974358978 -0.6410256410256414 22.496781475215737
-0.3910256410256414 -0.384615384615385 22.604936872202185
-0.6474358974358978 -0.384615384615385 22.541090736164755
-0.3910256410256414 -0.6410256410256414 22.562705194350208
-0.6474358974358978 -0.6410256410256414 22.496781475215737
-0.6474358974358978 -0.8974358974358978 22.42732185763001
-0.3910256410256414 -0.6410256410256414 22.562705194350208
-0.3910256410256414 -0.6410256410256414 22.562705194350208
-0.6474358974358978 -0.8974358974358978 22.42732185763001
-0.3910256410256414 -0.8974358974358978 22.496781475215737
-0.13461538461538503 -0.6410256410256414 22.604936872202185
-0.13461538461538503 -0.384615384615385 22.645935608191966
-0.3910256410256414 -0.6410256410256414 22.562705194350208
-0.3910256410256414 -0.6410256410256414 22.562705194350208
-0.13461538461538503 -0.384615384615385 22.645935608191966
-0.3910256410256414 -0.384615384615385 22.604936872202185
-1.416666666666667 1.1538461538461533 21.82923631860875
-1.1602564102564106 1.1538461538461533 22.064051415801718
-1.1602564102564106 1.4102564102564097 21.874076723183943
-1.416666666666667 1.1538461538461533 21.82923631860875
-1.1602564102564106 1.4102564102564097 21.874076723183943
-1.416666666666667 1.4102564102564097 21.5220759603661
-1.416666666666667 0.8974358974358969 21.99353807784172
-1.1602564102564106 0.8974358974358969 22.19012584325296
-1.416666666666667 1.1538461538461533 21.82923631860875
-1.416666666666667 1.1538461538461533 21.82923631860875
-1.1602564102564106 0.8974358974358969 22.19012584325296
-1.1602564102564106 1.1538461538461533 22.064051415801718
1.147435897435897 1.4102564102564097 22.190125843252964
1.147435897435897 1.666666666666666 21.99353807784172
0.8910256410256405 1.4102564102564097 22.27502206383112
0.8910256410256405 1.4102564102564097 22.27502206383112
1.147435897435897 1.666666666666666 21.99353807784172
0.8910256410256405 1.666666666666666 22.09723237415458
-0.3910256410256414 1.666666666666666 22.09723237415458
-0.6474358974358978 1.9230769230769225 21.669696809026807
-0.6474358974358978 1.666666666666666 21.99353807784172
-0.3910256410256414 1.9230769230769225 21.82923631860875
-0.6474358974358978 1.9230769230769225 21.669696809026807
-0.3910256410256414 1.666666666666666 22.09723237415458
-1.1602564102564106 1.1538461538461533 22.064051415801718
-1.1602564102564106 0.8974358974358969 22.19012584325296
-0.9038461538461542 1.1538461538461533 22.2192106109924
-0.9038461538461542 1.1538461538461533 22.2192106109924
-1.1602564102564106 0.8974358974358969 22.19012584325296
-0.9038461538461542 0.8974358974358969 22.32807562064249
2.429487179487179 -0.12820512820512864 21.5220759603661
2.1730769230769225 -0.12820512820512864 21.95581849468151
2.1730769230769225 -0.384615384615385 21.916114874039433
2.429487179487179 -0.12820512820512864 21.5220759603661
2.1730769230769225 -0.384615384615385 21.916114874039433
2.429487179487179 -0.384615384615385 21.41281879654682
2.1730769230769225 -0.12820512820512864 21.95581849468151
2.429487179487179 -0.12820512820512864 21.5220759603661
2.1730769230769225 0.12820512820512775 21.95581849468151
2.1730769230769225 0.12820512820512775 21.95581849468151
2.429487179487179 -0.12820512820512864 21.5220759603661
2.429487179487179 0.12820512820512775 21.5220759603661
1.916666666666666 -0.12820512820512864 22.19012584325296
2.1730769230769225 -0.12820512820512864 21.95581849468151
2.1730769230769225 0.12820512820512775 21.95581849468151
2.1730769230769225 0.12820512820512775 21.95581849468151
1.916666666666666 0.12820512820512775 22.19012584325296
1.916666666666666 -0.12820512820512864 22.19012584325296
2.1730769230769225 0.12820512820512775 21.95581849468151
2.429487179487179 0.12820512820512775 21.5220759603661
2.429487179487179 0.38461538461538414 21.41281879654682
2.429487179487179 0.38461538461538414 21.41281879654682
2.1730769230769225 0.38461538461538414 21.916114874039433
2.1730769230769225 0.12820512820512775 21.95581849468151
1.4038461538461533 -1.1538461538461542 22.2192106109924
1.147435897435897 -1.1538461538461542 22.32807562064249
1.4038461538461533 -1.4102564102564106 22.064051415801718
1.4038461538461533 -1.4102564102564106 22.064051415801718
1.147435897435897 -1.1538461538461542 22.32807562064249
1.147435897435897 -1.4102564102564106 22.19012584325296
1.147435897435897 -1.4102564102564106 22.19012584325296
1.147435897435897 -1.666666666666667 21.99353807784172
1.4038461538461533 -1.4102564102564106 22.064051415801718
1.4038461538461533 -1.4102564102564106 22.064051415801718
1.147435897435897 -1.666666666666667 21.99353807784172
1.4038461538461533 -1.666666666666667 21.82923631860875
1.4038461538461533 -1.4102564102564106 22.064051415801718
1.6602564102564097 -1.4102564102564106 21.874076723183943
1.6602564102564097 -1.1538461538461542 22.064051415801718
1.6602564102564097 -1.1538461538461542 22.064051415801718
1.4038461538461533 -1.1538461538461542 22.2192106109924
1.4038461538461533 -1.4102564102564106 22.064051415801718
1.4038461538461533 -1.4102564102564106 22.064051415801718
1.4038461538461533 -1.666666666666667 21.82923631860875
1.6602564102564097 -1.666666666666667 21.5220759603661
1.6602564102564097 -1.666666666666667 21.5220759603661
1.6602564102564097 -1.4102564102564106 21.874076723183943
1.4038461538461533 -1.4102564102564106 22.064051415801718
1.6602564102564097 -1.1538461538461542 22.064051415801718
1.916666666666666 -1.1538461538461542 21.82923631860875
1.6602564102564097 -0.8974358974358978 22.19012584325296
1.6602564102564097 -0.8974358974358978 22.19012584325296
1.916666666666666 -1.1538461538461542 21.82923631860875
1.916666666666666 -0.8974358974358978 21.99353807784172
1.6602564102564097 -0.8974358974358978 22.19012584325296
1.4038461538461533 -1.1538461538461542 22.2192106109924
1.6602564102564097 -1.1538461538461542 22.064051415801718
1.6602564102564097 -0.8974358974358978 22.19012584325296
1.4038461538461533 -0.8974358974358978 22.32807562064249
1.4038461538461533 -1.1538461538461542 22.2192106109924
-0.13461538461538503 -0.6410256410256414 22.604936872202185
-0.3910256410256414 -0.6410256410256414 22.562705194350208
-0.13461538461538503 -0.8974358974358978 22.541090736164755
-0.13461538461538503 -0.8974358974358978 22.541090736164755
-0.3910256410256414 -0.6410256410256414 22.562705194350208
-0.3910256410256414 -0.8974358974358978 22.496781475215737
0.12179487179487136 -0.8974358974358978 22.562705194350208
-0.13461538461538503 -0.8974358974358978 22.541090736164755
0.12179487179487136 -1.1538461538461542 22.47404910045908
0.12179487179487136 -1.1538461538461542 22.47404910045908
-0.13461538461538503 -0.8974358974358978 22.541090736164755
-0.13461538461538503 -1.1538461538461542 22.450903683861586
0.37820512820512775 -0.8974358974358978 22.562705194350208
0.12179487179487136 -0.8974358974358978 22.562705194350208
0.12179487179487136 -1.1538461538461542 22.47404910045908
0.37820512820512775 -1.1538461538461542 22.47404910045908
0.37820512820512775 -0.8974358974358978 22.562705194350208
0.12179487179487136 -1.1538461538461542 22.47404910045908
0.37820512820512775 -1.1538461538461542 22.47404910045908
0.12179487179487136 -1.1538461538461542 22.47404910045908
0.37820512820512775 -1.4102564102564106 22.353687865052784
0.37820512820512775 -1.4102564102564106 22.353687865052784
0.12179487179487136 -1.1538461538461542 22.47404910045908
0.12179487179487136 -1.4102564102564106 22.353687865052784
0.6346153846153841 -0.8974358974358978 22.541090736164755
0.8910256410256405 -0.6410256410256414 22.562705194350208
0.6346153846153841 -0.6410256410256414 22.604936872202185
0.8910256410256405 -0.8974358974358978 22.496781475215737
0.8910256410256405 -0.6410256410256414 22.562705194350208
0.6346153846153841 -0.8974358974358978 22.541090736164755
0.6346153846153841 -0.8974358974358978 22.541090736164755
0.37820512820512775 -0.8974358974358978 22.562705194350208
0.37820512820512775 -1.1538461538461542 22.47404910045908
0.37820512820512775 -1.1538461538461542 22.47404910045908
0.6346153846153841 -1.1538461538461542 22.450903683861586
0.6346153846153841 -0.8974358974358978 22.541090736164755
0.8910256410256405 -0.8974358974358978 22.496781475215737
0.6346153846153841 -0.8974358974358978 22.541090736164755
0.8910256410256405 -1.1538461538461542 22.403277963786532
0.8910256410256405 -1.1538461538461542 22.403277963786532
0.6346153846153841 -0.8974358974358978 22.541090736164755
0.6346153846153841 -1.1538461538461542 22.450903683861586
1.147435897435897 -0.8974358974358978 22.42732185763001
0.8910256410256405 -0.6410256410256414 22.562705194350208
0.8910256410256405 -0.8974358974358978 22.496781475215737
1.147435897435897 -0.6410256410256414 22.496781475215737
0.8910256410256405 -0.6410256410256414 22.562705194350208
1.147435897435897 -0.8974358974358978 22.42732185763001
1.4038461538461533 -1.1538461538461542 22.2192106109924
1.4038461538461533 -0.8974358974358978 22.32807562064249
1.147435897435897 -0.8974358974358978 22.42732185763001
1.147435897435897 -0.8974358974358978 22.42732185763001
1.147435897435897 -1.1538461538461542 22.32807562064249
1.4038461538461533 -1.1538461538461542 22.2192106109924
0.8910256410256405 -0.8974358974358978 22.496781475215737
0.8910256410256405 -1.1538461538461542 22.403277963786532
1.147435897435897 -0.8974358974358978 22.42732185763001
1.147435897435897 -0.8974358974358978 22.42732185763001
0.8910256410256405 -1.1538461538461542 22.403277963786532
1.147435897435897 -1.1538461538461542 22.32807562064249
0.8910256410256405 -0.384615384615385 22.604936872202185
0.8910256410256405 -0.6410256410256414 22.562705194350208
1.147435897435897 -0.384615384615385 22.541090736164755
1.147435897435897 -0.384615384615385 22.541090736164755
0.8910256410256405 -0.6410256410256414 22.562705194350208
1.147435897435897 -0.6410256410256414 22.496781475215737
0.8910256410256405 0.12820512820512775 22.625583634500398
0.6346153846153841 0.38461538461538414 22.645935608191966
0.6346153846153841 0.12820512820512775 22.666005070632288
0.8910256410256405 0.38461538461538414 22.604936872202185
0.6346153846153841 0.38461538461538414 22.645935608191966
0.8910256410256405 0.12820512820512775 22.625583634500398
0.8910256410256405 0.12820512820512775 22.625583634500398
0.6346153846153841 -0.12820512820512864 22.666005070632288
0.8910256410256405 -0.12820512820512864 22.625583634500398
0.6346153846153841 0.12820512820512775 22.666005070632288
0.6346153846153841 -0.12820512820512864 22.666005070632288
0.8910256410256405 0.12820512820512775 22.625583634500398
0.8910256410256405 0.12820512820512775 22.625583634500398
1.147435897435897 0.38461538461538414 22.541090736164755
0.8910256410256405 0.38461538461538414 22.604936872202185
0.8910256410256405 0.12820512820512775 22.625583634500398
1.147435897435897 0.12820512820512775 22.562705194350208
1.147435897435897 0.38461538461538414 22.541090736164755
0.6346153846153841 0.8974358974358969 22.541090736164755
0.6346153846153841 1.1538461538461533 22.450903683861586
0.37820512820512775 1.1538461538461533 22.474049100459084
0.37820512820512775 1.1538461538461533 22.474049100459084
0.37820512820512775 0.8974358974358969 22.562705194350208
0.6346153846153841 0.8974358974358969 22.541090736164755
0.12179487179487136 0.12820512820512775 22.685803469911715
0.12179487179487136 -0.12820512820512864 22.685803469911715
0.37820512820512775 -0.12820512820512864 22.685803469911715
0.37820512820512775 -0.12820512820512864 22.685803469911715
0.37820512820512775 0.12820512820512775 22.685803469911715
0.12179487179487136 0.12820512820512775 22.685803469911715
-0.9038461538461542 -0.12820512820512864 22.47404910045908
-1.1602564102564106 -0.384615384615385 22.32807562064249
-0.9038461538461542 -0.384615384615385 22.450903683861586
-1.1602564102564106 -0.12820512820512864 22.353687865052784
-1.1602564102564106 -0.384615384615385 22.32807562064249
-0.9038461538461542 -0.12820512820512864 22.47404910045908
-0.9038461538461542 -0.384615384615385 22.450903683861586
-0.6474358974358978 -0.384615384615385 22.541090736164755
-0.9038461538461542 -0.12820512820512864 22.47404910045908
-0.9038461538461542 -0.12820512820512864 22.47404910045908
-0.6474358974358978 -0.384615384615385 22.541090736164755
-0.6474358974358978 -0.12820512820512864 22.562705194350208
-0.6474358974358978 -0.12820512820512864 22.562705194350208
-0.6474358974358978 0.12820512820512775 22.562705194350208
-0.9038461538461542 -0.12820512820512864 22.47404910045908
-0.6474358974358978 0.12820512820512775 22.562705194350208
-0.9038461538461542 0.12820512820512775 22.47404910045908
-0.9038461538461542 -0.12820512820512864 22.47404910045908
-1.1602564102564106 0.12820512820512775 22.353687865052784
-0.9038461538461542 -0.12820512820512864 22.47404910045908
-0.9038461538461542 0.12820512820512775 22.47404910045908
-1.1602564102564106 -0.12820512820512864 22.353687865052784
-0.9038461538461542 -0.12820512820512864 22.47404910045908
-1.1602564102564106 0.12820512820512775 22.353687865052784
-1.1602564102564106 0.12820512820512775 22.353687865052784
-0.9038461538461542 0.38461538461538414 22.450903683861586
-1.1602564102564106 0.38461538461538414 22.32807562064249
-0.9038461538461542 0.12820512820512775 22.47404910045908
-0.9038461538461542 0.38461538461538414 22.450903683861586
-1.1602564102564106 0.12820512820512775 22.353687865052784
-1.416666666666667 -0.12820512820512864 22.19012584325296
-1.1602564102564106 -0.384615384615385 22.32807562064249
-1.1602564102564106 -0.12820512820512864 22.353687865052784
-1.416666666666667 -0.384615384615385 22.160160456067256
-1.1602564102564106 -0.384615384615385 22.32807562064249
-1.416666666666667 -0.12820512820512864 22.19012584325296
-1.1602564102564106 -0.12820512820512864 22.353687865052784
-1.1602564102564106 0.12820512820512775 22.353687865052784
-1.416666666666667 -0.12820512820512864 22.19012584325296
-1.416666666666667 -0.12820512820512864 22.19012584325296
-1.1602564102564106 0.12820512820512775 22.353687865052784
-1.416666666666667 0.12820512820512775 22.19012584325296
-1.416666666666667 -0.12820512820512864 22.19012584325296
-1.6730769230769234 -0.12820512820512864 21.95581849468151
-1.6730769230769234 -0.384615384615385 21.916114874039433
-1.6730769230769234 -0.384615384615385 21.916114874039433
-1.416666666666667 -0.384615384615385 22.160160456067256
-1.416666666666667 -0.12820512820512864 22.19012584325296
-1.6730769230769234 0.12820512820512775 21.95581849468151
-1.6730769230769234 -0.12820512820512864 21.95581849468151
-1.416666666666667 -0.12820512820512864 22.19012584325296
-1.416666666666667 -0.12820512820512864 22.19012584325296
-1.416666666666667 0.12820512820512775 22.19012584325296
-1.6730769230769234 0.12820512820512775 21.95581849468151
-0.9038461538461542 -0.8974358974358978 22.32807562064249
-0.9038461538461542 -0.6410256410256414 22.403277963786532
-1.1602564102564106 -0.8974358974358978 22.19012584325296
-1.1602564102564106 -0.8974358974358978 22.19012584325296
-0.9038461538461542 -0.6410256410256414 22.403277963786532
-1.1602564102564106 -0.6410256410256414 22.27502206383112
-1.1602564102564106 -0.8974358974358978 22.19012584325296
-1.416666666666667 -0.8974358974358978 21.99353807784172
-1.416666666666667 -1.1538461538461542 21.82923631860875
-1.1602564102564106 -0.8974358974358978 22.19012584325296
-1.416666666666667 -1.1538461538461542 21.82923631860875
-1.1602564102564106 -1.1538461538461542 22.064051415801714
-1.1602564102564106 -1.1538461538461542 22.064051415801714
-1.416666666666667 -1.1538461538461542 21.82923631860875
-1.1602564102564106 -1.4102564102564106 21.874076723183943
-1.1602564102564106 -1.4102564102564106 21.874076723183943
-1.416666666666667 -1.1538461538461542 21.82923631860875
-1.416666666666667 -1.4102564102564106 21.522075960366095
-0.9038461538461542 -1.1538461538461542 22.2192106109924
-0.6474358974358978 -0.8974358974358978 22.42732185763001
-0.9038461538461542 -0.8974358974358978 22.32807562064249
-0.6474358974358978 -1.1538461538461542 22.32807562064249
-0.6474358974358978 -0.8974358974358978 22.42732185763001
-0.9038461538461542 -1.1538461538461542 22.2192106109924
-0.9038461538461542 -1.1538461538461542 22.2192106109924
-1.1602564102564106 -0.8974358974358978 22.19012584325296
-1.1602564102564106 -1.1538461538461542 22.064051415801714
-0.9038461538461542 -0.8974358974358978 22.32807562064249
-1.1602564102564106 -0.8974358974358978 22.19012584325296
-0.9038461538461542 -1.1538461538461542 22.2192106109924
-0.9038461538461542 -1.1538461538461542 22.2192106109924
-1.1602564102564106 -1.4102564102564106 21.874076723183943
-0.9038461538461542 -1.4102564102564106 22.064051415801714
-1.1602564102564106 -1.1538461538461542 22.064051415801714
-1.1602564102564106 -1.4102564102564106 21.874076723183943
-0.9038461538461542 -1.1538461538461542 22.2192106109924
-0.13461538461538503 -1.1538461538461542 22.450903683861586
-0.13461538461538503 -0.8974358974358978 22.541090736164755
-0.3910256410256414 -1.1538461538461542 22.403277963786532
-0.3910256410256414 -1.1538461538461542 22.403277963786532
-0.13461538461538503 -0.8974358974358978 22.541090736164755
-0.3910256410256414 -0.8974358974358978 22.496781475215737
-0.3910256410256414 -1.1538461538461542 22.403277963786532
-0.6474358974358978 -0.8974358974358978 22.42732185763001
-0.6474358974358978 -1.1538461538461542 22.32807562064249
-0.3910256410256414 -0.8974358974358978 22.496781475215737
-0.6474358974358978 -0.8974358974358978 22.42732185763001
-0.3910256410256414 -1.1538461538461542 22.403277963786532
0.12179487179487136 -1.4102564102564106 22.353687865052784
0.12179487179487136 -1.1538461538461542 22.47404910045908
-0.13461538461538503 -1.4102564102564106 22.32807562064249
-0.13461538461538503 -1.4102564102564106 22.32807562064249
0.12179487179487136 -1.1538461538461542 22.47404910045908
-0.13461538461538503 -1.1538461538461542 22.450903683861586
-0.13461538461538503 -1.1538461538461542 22.450903683861586
-0.3910256410256414 -1.1538461538461542 22.403277963786532
-0.13461538461538503 -1.4102564102564106 22.32807562064249
-0.13461538461538503 -1.4102564102564106 22.32807562064249
-0.3910256410256414 -1.1538461538461542 22.403277963786532
-0.3910256410256414 -1.4102564102564106 22.27502206383112
-0.6474358974358978 -1.4102564102564106 22.19012584325296
-0.9038461538461542 -1.1538461538461542 22.2192106109924
-0.9038461538461542 -1.4102564102564106 22.064051415801714
-0.6474358974358978 -1.1538461538461542 22.32807562064249
-0.9038461538461542 -1.1538461538461542 22.2192106109924
-0.6474358974358978 -1.4102564102564106 22.19012584325296
-0.3910256410256414 -1.4102564102564106 22.27502206383112
-0.3910256410256414 -1.1538461538461542 22.403277963786532
-0.6474358974358978 -1.4102564102564106 22.19012584325296
-0.6474358974358978 -1.4102564102564106 22.19012584325296
-0.3910256410256414 -1.1538461538461542 22.403277963786532
-0.6474358974358978 -1.1538461538461542 22.32807562064249
-0.3910256410256414 -1.4102564102564106 22.27502206383112
-0.6474358974358978 -1.4102564102564106 22.19012584325296
-0.3910256410256414 -1.666666666666667 22.09723237415458
-0.3910256410256414 -1.666666666666667 22.09723237415458
-0.6474358974358978 -1.4102564102564106 22.19012584325296
-0.6474358974358978 -1.666666666666667 21.99353807784172
-0.3910256410256414 -1.666666666666667 22.09723237415458
-0.13461538461538503 -1.4102564102564106 22.32807562064249
-0.3910256410256414 -1.4102564102564106 22.27502206383112
-0.13461538461538503 -1.666666666666667 22.160160456067256
-0.13461538461538503 -1.4102564102564106 22.32807562064249
-0.3910256410256414 -1.666666666666667 22.09723237415458
-0.3910256410256414 -1.666666666666667 22.09723237415458
-0.6474358974358978 -1.666666666666667 21.99353807784172
-0.6474358974358978 -1.9230769230769234 21.669696809026807
-0.6474358974358978 -1.9230769230769234 21.669696809026807
-0.3910256410256414 -1.9230769230769234 21.82923631860875
-0.3910256410256414 -1.666666666666667 22.09723237415458
-0.3910256410256414 -1.666666666666667 22.09723237415458
-0.13461538461538503 -1.9230769230769234 21.916114874039433
-0.13461538461538503 -1.666666666666667 22.160160456067256
-0.3910256410256414 -1.666666666666667 22.09723237415458
-0.3910256410256414 -1.9230769230769234 21.82923631860875
-0.13461538461538503 -1.9230769230769234 21.916114874039433
0.37820512820512775 -0.384615384615385 22.666005070632288
0.6346153846153841 -0.384615384615385 22.645935608191966
0.6346153846153841 -0.12820512820512864 22.666005070632288
0.37820512820512775 -0.384615384615385 22.666005070632288
0.6346153846153841 -0.12820512820512864 22.666005070632288
0.37820512820512775 -0.12820512820512864 22.685803469911715
-0.13461538461538503 -0.12820512820512864 22.666005070632288
0.12179487179487136 0.12820512820512775 22.685803469911715
-0.13461538461538503 0.12820512820512775 22.666005070632288
0.12179487179487136 -0.12820512820512864 22.685803469911715
0.12179487179487136 0.12820512820512775 22.685803469911715
-0.13461538461538503 -0.12820512820512864 22.666005070632288
-0.3910256410256414 0.12820512820512775 22.625583634500398
-0.3910256410256414 -0.12820512820512864 22.625583634500398
-0.13461538461538503 -0.12820512820512864 22.666005070632288
-0.13461538461538503 0.12820512820512775 22.666005070632288
-0.3910256410256414 0.12820512820512775 22.625583634500398
-0.13461538461538503 -0.12820512820512864 22.666005070632288
-0.3910256410256414 -0.384615384615385 22.604936872202185
-0.13461538461538503 -0.384615384615385 22.645935608191966
-0.13461538461538503 -0.12820512820512864 22.666005070632288
-0.13461538461538503 -0.12820512820512864 22.666005070632288
-0.3910256410256414 -0.12820512820512864 22.625583634500398
-0.3910256410256414 -0.384615384615385 22.604936872202185
-1.6730769230769234 0.8974358974358969 21.669696809026807
-1.6730769230769234 0.6410256410256405 21.82923631860875
-1.416666666666667 0.6410256410256405 22.09723237415458
-1.416666666666667 0.8974358974358969 21.99353807784172
-1.6730769230769234 0.8974358974358969 21.669696809026807
-1.416666666666667 0.6410256410256405 22.09723237415458
1.147435897435897 0.8974358974358969 22.42732185763001
1.147435897435897 1.1538461538461533 22.32807562064249
0.8910256410256405 1.1538461538461533 22.403277963786532
0.8910256410256405 1.1538461538461533 22.403277963786532
0.8910256410256405 0.8974358974358969 22.496781475215737
1.147435897435897 0.8974358974358969 22.42732185763001
0.6346153846153841 1.1538461538461533 22.450903683861586
0.6346153846153841 0.8974358974358969 22.541090736164755
0.8910256410256405 1.1538461538461533 22.403277963786532
0.8910256410256405 1.1538461538461533 22.403277963786532
0.6346153846153841 0.8974358974358969 22.541090736164755
0.8910256410256405 0.8974358974358969 22.496781475215737
1.147435897435897 1.4102564102564097 22.190125843252964
0.8910256410256405 1.4102564102564097 22.27502206383112
0.8910256410256405 1.1538461538461533 22.403277963786532
0.8910256410256405 1.1538461538461533 22.403277963786532
1.147435897435897 1.1538461538461533 22.32807562064249
1.147435897435897 1.4102564102564097 22.190125843252964
0.8910256410256405 1.1538461538461533 22.403277963786532
0.6346153846153841 1.4102564102564097 22.32807562064249
0.6346153846153841 1.1538461538461533 22.450903683861586
0.8910256410256405 1.1538461538461533 22.403277963786532
0.8910256410256405 1.4102564102564097 22.27502206383112
0.6346153846153841 1.4102564102564097 22.32807562064249
-0.13461538461538503 1.9230769230769225 21.916114874039433
0.12179487179487136 2.179487179487179 21.5220759603661
-0.13461538461538503 2.179487179487179 21.41281879654682
0.12179487179487136 1.9230769230769225 21.95581849468151
0.12179487179487136 2.179487179487179 21.5220759603661
-0.13461538461538503 1.9230769230769225 21.916114874039433
-0.6474358974358978 1.4102564102564097 22.19012584325296
-0.3910256410256414 1.666666666666666 22.09723237415458
-0.6474358974358978 1.666666666666666 21.99353807784172
-0.3910256410256414 1.4102564102564097 22.27502206383112
-0.3910256410256414 1.666666666666666 22.09723237415458
-0.6474358974358978 1.4102564102564097 22.19012584325296
1.147435897435897 0.8974358974358969 22.42732185763001
0.8910256410256405 0.8974358974358969 22.496781475215737
1.147435897435897 0.6410256410256405 22.496781475215737
1.147435897435897 0.6410256410256405 22.496781475215737
0.8910256410256405 0.8974358974358969 22.496781475215737
0.8910256410256405 0.6410256410256405 22.562705194350208
0.8910256410256405 0.38461538461538414 22.604936872202185
1.147435897435897 0.38461538461538414 22.541090736164755
1.147435897435897 0.6410256410256405 22.496781475215737
1.147435897435897 0.6410256410256405 22.496781475215737
0.8910256410256405 0.6410256410256405 22.562705194350208
0.8910256410256405 0.38461538461538414 22.604936872202185
1.4038461538461533 1.1538461538461533 22.2192106109924
1.4038461538461533 1.4102564102564097 22.064051415801718
1.147435897435897 1.4102564102564097 22.190125843252964
1.147435897435897 1.4102564102564097 22.190125843252964
1.147435897435897 1.1538461538461533 22.32807562064249
1.4038461538461533 1.1538461538461533 22.2192106109924
1.6602564102564097 -0.6410256410256414 22.27502206383112
1.916666666666666 -0.8974358974358978 21.99353807784172
1.916666666666666 -0.6410256410256414 22.09723237415458
1.6602564102564097 -0.6410256410256414 22.27502206383112
1.6602564102564097 -0.8974358974358978 22.19012584325296
1.916666666666666 -0.8974358974358978 21.99353807784172
0.12179487179487136 -1.666666666666667 22.19012584325296
-0.13461538461538503 -1.9230769230769234 21.916114874039433
0.12179487179487136 -1.9230769230769234 21.95581849468151
-0.13461538461538503 -1.666666666666667 22.160160456067256
-0.13461538461538503 -1.9230769230769234 21.916114874039433
0.12179487179487136 -1.666666666666667 22.19012584325296
0.12179487179487136 -1.4102564102564106 22.353687865052784
-0.13461538461538503 -1.4102564102564106 22.32807562064249
0.12179487179487136 -1.666666666666667 22.19012584325296
0.12179487179487136 -1.666666666666667 22.19012584325296
-0.13461538461538503 -1.4102564102564106 22.32807562064249
-0.13461538461538503 -1.666666666666667 22.160160456067256
1.147435897435897 0.12820512820512775 22.562705194350208
0.8910256410256405 0.12820512820512775 22.625583634500398
1.147435897435897 -0.12820512820512864 22.562705194350208
1.147435897435897 -0.12820512820512864 22.562705194350208
0.8910256410256405 0.12820512820512775 22.625583634500398
0.8910256410256405 -0.12820512820512864 22.625583634500398
1.4038461538461533 0.12820512820512775 22.474049100459084
1.147435897435897 0.12820512820512775 22.562705194350208
1.147435897435897 -0.12820512820512864 22.562705194350208
1.147435897435897 -0.12820512820512864 22.562705194350208
1.4038461538461533 -0.12820512820512864 22.474049100459084
1.4038461538461533 0.12820512820512775 22.474049100459084
1.4038461538461533 -0.384615384615385 22.450903683861586
1.4038461538461533 -0.12820512820512864 22.474049100459084
1.147435897435897 -0.12820512820512864 22.562705194350208
1.147435897435897 -0.12820512820512864 22.562705194350208
1.147435897435897 -0.384615384615385 22.541090736164755
1.4038461538461533 -0.384615384615385 22.450903683861586
0.8910256410256405 -0.12820512820512864 22.625583634500398
0.8910256410256405 -0.384615384615385 22.604936872202185
1.147435897435897 -0.12820512820512864 22.562705194350208
0.8910256410256405 -0.384615384615385 22.604936872202185
1.147435897435897 -0.384615384615385 22.541090736164755
1.147435897435897 -0.12820512820512864 22.562705194350208
0.37820512820512775 0.38461538461538414 22.666005070632288
0.6346153846153841 0.38461538461538414 22.645935608191966
0.6346153846153841 0.6410256410256405 22.604936872202185
0.6346153846153841 0.6410256410256405 22.604936872202185
0.37820512820512775 0.6410256410256405 22.625583634500398
0.37820512820512775 0.38461538461538414 22.666005070632288
0.6346153846153841 0.6410256410256405 22.604936872202185
0.6346153846153841 0.38461538461538414 22.645935608191966
0.8910256410256405 0.38461538461538414 22.604936872202185
0.8910256410256405 0.38461538461538414 22.604936872202185
0.8910256410256405 0.6410256410256405 22.562705194350208
0.6346153846153841 0.6410256410256405 22.604936872202185
0.6346153846153841 0.6410256410256405 22.604936872202185
0.6346153846153841 0.8974358974358969 22.541090736164755
0.37820512820512775 0.8974358974358969 22.562705194350208
0.37820512820512775 0.8974358974358969 22.562705194350208
0.37820512820512775 0.6410256410256405 22.625583634500398
0.6346153846153841 0.6410256410256405 22.604936872202185
0.8910256410256405 0.6410256410256405 22.562705194350208
0.8910256410256405 0.8974358974358969 22.496781475215737
0.6346153846153841 0.6410256410256405 22.604936872202185
0.8910256410256405 0.8974358974358969 22.496781475215737
0.6346153846153841 0.8974358974358969 22.541090736164755
0.6346153846153841 0.6410256410256405 22.604936872202185
-1.416666666666667 -0.8974358974358978 21.99353807784172
-1.1602564102564106 -0.8974358974358978 22.19012584325296
-1.416666666666667 -0.6410256410256414 22.09723237415458
-1.416666666666667 -0.6410256410256414 22.09723237415458
-1.1602564102564106 -0.8974358974358978 22.19012584325296
-1.1602564102564106 -0.6410256410256414 22.27502206383112
-1.1602564102564106 -0.6410256410256414 22.27502206383112
-1.1602564102564106 -0.384615384615385 22.32807562064249
-1.416666666666667 -0.6410256410256414 22.09723237415458
-1.416666666666667 -0.6410256410256414 22.09723237415458
-1.1602564102564106 -0.384615384615385 22.32807562064249
-1.416666666666667 -0.384615384615385 22.160160456067256
-1.416666666666667 -0.6410256410256414 22.09723237415458
-1.6730769230769234 -0.8974358974358978 21.669696809026807
-1.416666666666667 -0.8974358974358978 21.99353807784172
-1.6730769230769234 -0.6410256410256414 21.82923631860875
-1.6730769230769234 -0.8974358974358978 21.669696809026807
-1.416666666666667 -0.6410256410256414 22.09723237415458
-1.416666666666667 -0.6410256410256414 22.09723237415458
-1.416666666666667 -0.384615384615385 22.160160456067256
-1.6730769230769234 -0.384615384615385 21.916114874039433
-1.6730769230769234 -0.384615384615385 21.916114874039433
-1.6730769230769234 -0.6410256410256414 21.82923631860875
-1.416666666666667 -0.6410256410256414 22.09723237415458
0.37820512820512775 -0.8974358974358978 22.562705194350208
0.6346153846153841 -0.8974358974358978 22.541090736164755
0.37820512820512775 -0.6410256410256414 22.625583634500398
0.37820512820512775 -0.6410256410256414 22.625583634500398
0.6346153846153841 -0.8974358974358978 22.541090736164755
0.6346153846153841 -0.6410256410256414 22.604936872202185
0.6346153846153841 -0.6410256410256414 22.604936872202185
0.6346153846153841 -0.384615384615385 22.645935608191966
0.37820512820512775 -0.6410256410256414 22.625583634500398
0.6346153846153841 -0.384615384615385 22.645935608191966
0.37820512820512775 -0.384615384615385 22.666005070632288
0.37820512820512775 -0.6410256410256414 22.625583634500398
-0.9038461538461542 0.8974358974358969 22.32807562064249
-1.1602564102564106 0.8974358974358969 22.19012584325296
-1.1602564102564106 0.6410256410256405 22.27502206383112
-1.1602564102564106 0.6410256410256405 22.27502206383112
-0.9038461538461542 0.6410256410256405 22.403277963786532
-0.9038461538461542 0.8974358974358969 22.32807562064249
-1.1602564102564106 0.6410256410256405 22.27502206383112
-0.9038461538461542 0.38461538461538414 22.450903683861586
-0.9038461538461542 0.6410256410256405 22.403277963786532
-1.1602564102564106 0.38461538461538414 22.32807562064249
-0.9038461538461542 0.38461538461538414 22.450903683861586
-1.1602564102564106 0.6410256410256405 22.27502206383112
-1.1602564102564106 0.6410256410256405 22.27502206383112
-1.1602564102564106 0.8974358974358969 22.19012584325296
-1.416666666666667 0.8974358974358969 21.99353807784172
-1.416666666666667 0.8974358974358969 21.99353807784172
-1.416666666666667 0.6410256410256405 22.09723237415458
-1.1602564102564106 0.6410256410256405 22.27502206383112
-1.9294871794871797 0.38461538461538414 21.412818796546816
-1.9294871794871797 0.12820512820512775 21.5220759603661
-1.6730769230769234 0.38461538461538414 21.916114874039433
-1.9294871794871797 0.12820512820512775 21.5220759603661
-1.6730769230769234 0.12820512820512775 21.95581849468151
-1.6730769230769234 0.38461538461538414 21.916114874039433
0.6346153846153841 1.4102564102564097 22.32807562064249
0.8910256410256405 1.4102564102564097 22.27502206383112
0.6346153846153841 1.666666666666666 22.160160456067256
0.6346153846153841 1.666666666666666 22.160160456067256
0.8910256410256405 1.4102564102564097 22.27502206383112
0.8910256410256405 1.666666666666666 22.09723237415458
0.8910256410256405 1.666666666666666 22.09723237415458
0.8910256410256405 1.9230769230769225 21.82923631860875
0.6346153846153841 1.666666666666666 22.160160456067256
0.8910256410256405 1.9230769230769225 21.82923631860875
0.6346153846153841 1.9230769230769225 21.916114874039433
0.6346153846153841 1.666666666666666 22.160160456067256
-0.13461538461538503 1.666666666666666 22.160160456067256
-0.3910256410256414 1.666666666666666 22.09723237415458
-0.3910256410256414 1.4102564102564097 22.27502206383112
-0.3910256410256414 1.4102564102564097 22.27502206383112
-0.13461538461538503 1.4102564102564097 22.32807562064249
-0.13461538461538503 1.666666666666666 22.160160456067256
-0.13461538461538503 1.4102564102564097 22.32807562064249
0.12179487179487136 1.4102564102564097 22.353687865052784
-0.13461538461538503 1.666666666666666 22.160160456067256
-0.13461538461538503 1.666666666666666 22.160160456067256
0.12179487179487136 1.4102564102564097 22.353687865052784
0.12179487179487136 1.666666666666666 22.19012584325296
-0.3910256410256414 1.9230769230769225 21.82923631860875
-0.3910256410256414 1.666666666666666 22.09723237415458
-0.13461538461538503 1.666666666666666 22.160160456067256
-0.13461538461538503 1.666666666666666 22.160160456067256
-0.13461538461538503 1.9230769230769225 21.916114874039433
-0.3910256410256414 1.9230769230769225 21.82923631860875
-0.13461538461538503 1.666666666666666 22.160160456067256
0.12179487179487136 1.666666666666666 22.19012584325296
0.12179487179487136 1.9230769230769225 21.95581849468151
0.12179487179487136 1.9230769230769225 21.95581849468151
-0.13461538461538503 1.9230769230769225 21.916114874039433
-0.13461538461538503 1.666666666666666 22.160160456067256
-1.1602564102564106 1.4102564102564097 21.874076723183943
-1.1602564102564106 1.1538461538461533 22.064051415801718
-0.9038461538461542 1.4102564102564097 22.064051415801718
-1.1602564102564106 1.1538461538461533 22.064051415801718
-0.9038461538461542 1.1538461538461533 22.2192106109924
-0.9038461538461542 1.4102564102564097 22.064051415801718
-0.9038461538461542 1.666666666666666 21.82923631860875
-1.1602564102564106 1.666666666666666 21.5220759603661
-0.9038461538461542 1.4102564102564097 22.064051415801718
-1.1602564102564106 1.666666666666666 21.5220759603661
-1.1602564102564106 1.4102564102564097 21.874076723183943
-0.9038461538461542 1.4102564102564097 22.064051415801718
-0.9038461538461542 1.4102564102564097 22.064051415801718
-0.6474358974358978 1.4102564102564097 22.19012584325296
-0.6474358974358978 1.666666666666666 21.99353807784172
-0.9038461538461542 1.4102564102564097 22.064051415801718
-0.6474358974358978 1.666666666666666 21.99353807784172
-0.9038461538461542 1.666666666666666 21.82923631860875
1.147435897435897 0.38461538461538414 22.541090736164755
1.147435897435897 0.12820512820512775 22.562705194350208
1.4038461538461533 0.38461538461538414 22.450903683861586
1.4038461538461533 0.38461538461538414 22.450903683861586
1.147435897435897 0.12820512820512775 22.562705194350208
1.4038461538461533 0.12820512820512775 22.474049100459084
1.916666666666666 -0.12820512820512864 22.19012584325296
1.916666666666666 0.12820512820512775 22.19012584325296
1.6602564102564097 0.12820512820512775 22.353687865052784
1.6602564102564097 0.12820512820512775 22.353687865052784
1.6602564102564097 -0.12820512820512864 22.353687865052784
1.916666666666666 -0.12820512820512864 22.19012584325296
1.4038461538461533 0.12820512820512775 22.474049100459084
1.4038461538461533 -0.12820512820512864 22.474049100459084
1.6602564102564097 0.12820512820512775 22.353687865052784
1.6602564102564097 0.12820512820512775 22.353687865052784
1.4038461538461533 -0.12820512820512864 22.474049100459084
1.6602564102564097 -0.12820512820512864 22.353687865052784
1.6602564102564097 0.12820512820512775 22.353687865052784
1.4038461538461533 0.38461538461538414 22.450903683861586
1.4038461538461533 0.12820512820512775 22.474049100459084
1.6602564102564097 0.38461538461538414 22.32807562064249
1.4038461538461533 0.38461538461538414 22.450903683861586
1.6602564102564097 0.12820512820512775 22.353687865052784
1.916666666666666 0.6410256410256405 22.09723237415458
2.1730769230769225 0.6410256410256405 21.82923631860875
1.916666666666666 0.8974358974358969 21.99353807784172
1.916666666666666 0.8974358974358969 21.99353807784172
2.1730769230769225 0.6410256410256405 21.82923631860875
2.1730769230769225 0.8974358974358969 21.669696809026807
1.6602564102564097 0.38461538461538414 22.32807562064249
1.6602564102564097 0.12820512820512775 22.353687865052784
1.916666666666666 0.38461538461538414 22.160160456067256
1.916666666666666 0.38461538461538414 22.160160456067256
1.6602564102564097 0.12820512820512775 22.353687865052784
1.916666666666666 0.12820512820512775 22.19012584325296
1.916666666666666 0.12820512820512775 22.19012584325296
2.1730769230769225 0.12820512820512775 21.95581849468151
1.916666666666666 0.38461538461538414 22.160160456067256
1.916666666666666 0.38461538461538414 22.160160456067256
2.1730769230769225 0.12820512820512775 21.95581849468151
2.1730769230769225 0.38461538461538414 21.916114874039433
1.6602564102564097 0.6410256410256405 22.27502206383112
1.6602564102564097 0.38461538461538414 22.32807562064249
1.916666666666666 0.38461538461538414 22.160160456067256
1.916666666666666 0.38461538461538414 22.160160456067256
1.916666666666666 0.6410256410256405 22.09723237415458
1.6602564102564097 0.6410256410256405 22.27502206383112
1.916666666666666 0.38461538461538414 22.160160456067256
2.1730769230769225 0.6410256410256405 21.82923631860875
1.916666666666666 0.6410256410256405 22.09723237415458
2.1730769230769225 0.38461538461538414 21.916114874039433
2.1730769230769225 0.6410256410256405 21.82923631860875
1.916666666666666 0.38461538461538414 22.160160456067256
1.916666666666666 1.1538461538461533 21.82923631860875
1.916666666666666 1.4102564102564097 21.5220759603661
1.6602564102564097 1.1538461538461533 22.064051415801718
1.6602564102564097 1.1538461538461533 22.064051415801718
1.916666666666666 1.4102564102564097 21.5220759603661
1.6602564102564097 1.4102564102564097 21.874076723183943
1.6602564102564097 1.4102564102564097 21.874076723183943
1.4038461538461533 1.4102564102564097 22.064051415801718
1.6602564102564097 1.1538461538461533 22.064051415801718
1.4038461538461533 1.4102564102564097 22.064051415801718
1.4038461538461533 1.1538461538461533 22.2192106109924
1.6602564102564097 1.1538461538461533 22.064051415801718
1.4038461538461533 0.8974358974358969 22.32807562064249
1.147435897435897 1.1538461538461533 22.32807562064249
1.147435897435897 0.8974358974358969 22.42732185763001
1.4038461538461533 0.8974358974358969 22.32807562064249
1.4038461538461533 1.1538461538461533 22.2192106109924
1.147435897435897 1.1538461538461533 22.32807562064249
1.6602564102564097 -0.12820512820512864 22.353687865052784
1.4038461538461533 -0.12820512820512864 22.474049100459084
1.6602564102564097 -0.384615384615385 22.32807562064249
1.6602564102564097 -0.384615384615385 22.32807562064249
1.4038461538461533 -0.12820512820512864 22.474049100459084
1.4038461538461533 -0.384615384615385 22.450903683861586
1.6602564102564097 -0.384615384615385 22.32807562064249
1.916666666666666 -0.384615384615385 22.160160456067256
1.916666666666666 -0.12820512820512864 22.19012584325296
1.916666666666666 -0.12820512820512864 22.19012584325296
1.6602564102564097 -0.12820512820512864 22.353687865052784
1.6602564102564097 -0.384615384615385 22.32807562064249
1.916666666666666 -0.6410256410256414 22.09723237415458
1.916666666666666 -0.384615384615385 22.160160456067256
1.6602564102564097 -0.384615384615385 22.32807562064249
1.6602564102564097 -0.384615384615385 22.32807562064249
1.6602564102564097 -0.6410256410256414 22.27502206383112
1.916666666666666 -0.6410256410256414 22.09723237415458
1.6602564102564097 -0.6410256410256414 22.27502206383112
1.6602564102564097 -0.384615384615385 22.32807562064249
1.4038461538461533 -0.6410256410256414 22.403277963786532
1.4038461538461533 -0.6410256410256414 22.403277963786532
1.6602564102564097 -0.384615384615385 22.32807562064249
1.4038461538461533 -0.384615384615385 22.450903683861586
1.147435897435897 -0.6410256410256414 22.496781475215737
1.147435897435897 -0.8974358974358978 22.42732185763001
1.4038461538461533 -0.6410256410256414 22.403277963786532
1.4038461538461533 -0.6410256410256414 22.403277963786532
1.147435897435897 -0.8974358974358978 22.42732185763001
1.4038461538461533 -0.8974358974358978 22.32807562064249
1.4038461538461533 -0.6410256410256414 22.403277963786532
1.147435897435897 -0.384615384615385 22.541090736164755
1.147435897435897 -0.6410256410256414 22.496781475215737
1.4038461538461533 -0.384615384615385 22.450903683861586
1.147435897435897 -0.384615384615385 22.541090736164755
1.4038461538461533 -0.6410256410256414 22.403277963786532
1.4038461538461533 -0.8974358974358978 22.32807562064249
1.6602564102564097 -0.8974358974358978 22.19012584325296
1.4038461538461533 -0.6410256410256414 22.403277963786532
1.6602564102564097 -0.8974358974358978 22.19012584325296
1.6602564102564097 -0.6410256410256414 22.27502206383112
1.4038461538461533 -0.6410256410256414 22.403277963786532
0.37820512820512775 -1.1538461538461542 22.47404910045908
0.37820512820512775 -1.4102564102564106 22.353687865052784
0.6346153846153841 -1.4102564102564106 22.32807562064249
0.6346153846153841 -1.4102564102564106 22.32807562064249
0.6346153846153841 -1.1538461538461542 22.450903683861586
0.37820512820512775 -1.1538461538461542 22.47404910045908
-0.6474358974358978 1.1538461538461533 22.32807562064249
-0.9038461538461542 1.4102564102564097 22.064051415801718
-0.9038461538461542 1.1538461538461533 22.2192106109924
-0.6474358974358978 1.4102564102564097 22.19012584325296
-0.9038461538461542 1.4102564102564097 22.064051415801718
-0.6474358974358978 1.1538461538461533 22.32807562064249
-0.6474358974358978 1.1538461538461533 22.32807562064249
-0.9038461538461542 1.1538461538461533 22.2192106109924
-0.9038461538461542 0.8974358974358969 22.32807562064249
-0.9038461538461542 0.8974358974358969 22.32807562064249
-0.6474358974358978 0.8974358974358969 22.42732185763001
-0.6474358974358978 1.1538461538461533 22.32807562064249
-0.6474358974358978 -1.666666666666667 21.99353807784172
-0.6474358974358978 -1.4102564102564106 22.19012584325296
-0.9038461538461542 -1.666666666666667 21.82923631860875
-0.9038461538461542 -1.666666666666667 21.82923631860875
-0.6474358974358978 -1.4102564102564106 22.19012584325296
-0.9038461538461542 -1.4102564102564106 22.064051415801714
-0.9038461538461542 -1.4102564102564106 22.064051415801714
-1.1602564102564106 -1.4102564102564106 21.874076723183943
-0.9038461538461542 -1.666666666666667 21.82923631860875
-1.1602564102564106 -1.4102564102564106 21.874076723183943
-1.1602564102564106 -1.666666666666667 21.522075960366095
-0.9038461538461542 -1.666666666666667 21.82923631860875
0.12179487179487136 -0.12820512820512864 22.685803469911715
-0.13461538461538503 -0.12820512820512864 22.666005070632288
0.12179487179487136 -0.384615384615385 22.666005070632288
0.12179487179487136 -0.384615384615385 22.666005070632288
-0.13461538461538503 -0.12820512820512864 22.666005070632288
-0.13461538461538503 -0.384615384615385 22.645935608191966
0.37820512820512775 -0.12820512820512864 22.685803469911715
0.12179487179487136 -0.12820512820512864 22.685803469911715
0.12179487179487136 -0.384615384615385 22.666005070632288
0.12179487179487136 -0.384615384615385 22.666005070632288
0.37820512820512775 -0.384615384615385 22.666005070632288
0.37820512820512775 -0.12820512820512864 22.685803469911715
-1.1602564102564106 0.38461538461538414 22.32807562064249
-1.1602564102564106 0.6410256410256405 22.27502206383112
-1.416666666666667 0.38461538461538414 22.160160456067256
-1.416666666666667 0.38461538461538414 22.160160456067256
-1.1602564102564106 0.6410256410256405 22.27502206383112
-1.416666666666667 0.6410256410256405 22.09723237415458
-1.416666666666667 0.38461538461538414 22.160160456067256
-1.1602564102564106 0.12820512820512775 22.353687865052784
-1.1602564102564106 0.38461538461538414 22.32807562064249
-1.416666666666667 0.12820512820512775 22.19012584325296
-1.1602564102564106 0.12820512820512775 22.353687865052784
-1.416666666666667 0.38461538461538414 22.160160456067256
-1.416666666666667 0.38461538461538414 22.160160456067256
-1.416666666666667 0.6410256410256405 22.09723237415458
-1.6730769230769234 0.6410256410256405 21.82923631860875
-1.6730769230769234 0.6410256410256405 21.82923631860875
-1.6730769230769234 0.38461538461538414 21.916114874039433
-1.416666666666667 0.38461538461538414 22.160160456067256
-1.6730769230769234 0.12820512820512775 21.95581849468151
-1.416666666666667 0.12820512820512775 22.19012584325296
-1.416666666666667 0.38461538461538414 22.160160456067256
-1.416666666666667 0.38461538461538414 22.160160456067256
-1.6730769230769234 0.38461538461538414 21.916114874039433
-1.6730769230769234 0.12820512820512775 21.95581849468151
0.37820512820512775 2.179487179487179 21.5220759603661
0.12179487179487136 2.179487179487179 21.5220759603661
0.37820512820512775 1.9230769230769225 21.95581849468151
0.37820512820512775 1.9230769230769225 21.95581849468151
0.12179487179487136 2.179487179487179 21.5220759603661
0.12179487179487136 1.9230769230769225 21.95581849468151
0.6346153846153841 2.179487179487179 21.41281879654682
0.37820512820512775 2.179487179487179 21.5220759603661
0.37820512820512775 1.9230769230769225 21.95581849468151
0.37820512820512775 1.9230769230769225 21.95581849468151
0.6346153846153841 1.9230769230769225 21.916114874039433
0.6346153846153841 2.179487179487179 21.41281879654682
1.4038461538461533 0.6410256410256405 22.403277963786532
1.147435897435897 0.6410256410256405 22.496781475215737
1.147435897435897 0.38461538461538414 22.541090736164755
1.147435897435897 0.38461538461538414 22.541090736164755
1.4038461538461533 0.38461538461538414 22.450903683861586
1.4038461538461533 0.6410256410256405 22.403277963786532
1.4038461538461533 0.6410256410256405 22.403277963786532
1.4038461538461533 0.38461538461538414 22.450903683861586
1.6602564102564097 0.38461538461538414 22.32807562064249
1.4038461538461533 0.6410256410256405 22.403277963786532
1.6602564102564097 0.38461538461538414 22.32807562064249
1.6602564102564097 0.6410256410256405 22.27502206383112
1.147435897435897 0.8974358974358969 22.42732185763001
1.147435897435897 0.6410256410256405 22.496781475215737
1.4038461538461533 0.6410256410256405 22.403277963786532
1.4038461538461533 0.6410256410256405 22.403277963786532
1.4038461538461533 0.8974358974358969 22.32807562064249
1.147435897435897 0.8974358974358969 22.42732185763001
1.4038461538461533 0.8974358974358969 22.32807562064249
1.4038461538461533 0.6410256410256405 22.403277963786532
1.6602564102564097 0.8974358974358969 22.190125843252964
1.6602564102564097 0.8974358974358969 22.190125843252964
1.4038461538461533 0.6410256410256405 22.403277963786532
1.6602564102564097 0.6410256410256405 22.27502206383112
1.916666666666666 0.6410256410256405 22.09723237415458
1.916666666666666 0.8974358974358969 21.99353807784172
1.6602564102564097 0.8974358974358969 22.190125843252964
1.6602564102564097 0.6410256410256405 22.27502206383112
1.916666666666666 0.6410256410256405 22.09723237415458
1.6602564102564097 0.8974358974358969 22.190125843252964
1.916666666666666 1.1538461538461533 21.82923631860875
1.6602564102564097 1.1538461538461533 22.064051415801718
1.6602564102564097 0.8974358974358969 22.190125843252964
1.6602564102564097 0.8974358974358969 22.190125843252964
1.916666666666666 0.8974358974358969 21.99353807784172
1.916666666666666 1.1538461538461533 21.82923631860875
1.6602564102564097 0.8974358974358969 22.190125843252964
1.6602564102564097 1.1538461538461533 22.064051415801718
1.4038461538461533 1.1538461538461533 22.2192106109924
1.4038461538461533 1.1538461538461533 22.2192106109924
1.4038461538461533 0.8974358974358969 22.32807562064249
1.6602564102564097 0.8974358974358969 22.190125843252964
1.147435897435897 -1.9230769230769234 21.669696809026807
1.147435897435897 -1.666666666666667 21.99353807784172
0.8910256410256405 -1.9230769230769234 21.82923631860875
1.147435897435897 -1.666666666666667 21.99353807784172
0.8910256410256405 -1.666666666666667 22.09723237415458
0.8910256410256405 -1.9230769230769234 21.82923631860875
1.147435897435897 -1.4102564102564106 22.19012584325296
1.147435897435897 -1.1538461538461542 22.32807562064249
0.8910256410256405 -1.4102564102564106 22.27502206383112
1.147435897435897 -1.1538461538461542 22.32807562064249
0.8910256410256405 -1.1538461538461542 22.403277963786532
0.8910256410256405 -1.4102564102564106 22.27502206383112
0.8910256410256405 -1.4102564102564106 22.27502206383112
1.147435897435897 -1.666666666666667 21.99353807784172
1.147435897435897 -1.4102564102564106 22.19012584325296
0.8910256410256405 -1.4102564102564106 22.27502206383112
0.8910256410256405 -1.666666666666667 22.09723237415458
1.147435897435897 -1.666666666666667 21.99353807784172
0.8910256410256405 -1.4102564102564106 22.27502206383112
0.8910256410256405 -1.1538461538461542 22.403277963786532
0.6346153846153841 -1.1538461538461542 22.450903683861586
0.6346153846153841 -1.1538461538461542 22.450903683861586
0.6346153846153841 -1.4102564102564106 22.32807562064249
0.8910256410256405 -1.4102564102564106 22.27502206383112
0.12179487179487136 0.38461538461538414 22.666005070632288
0.37820512820512775 0.12820512820512775 22.685803469911715
0.37820512820512775 0.38461538461538414 22.666005070632288
0.12179487179487136 0.38461538461538414 22.666005070632288
0.12179487179487136 0.12820512820512775 22.685803469911715
0.37820512820512775 0.12820512820512775 22.685803469911715
0.37820512820512775 0.38461538461538414 22.666005070632288
0.37820512820512775 0.6410256410256405 22.625583634500398
0.12179487179487136 0.38461538461538414 22.666005070632288
0.37820512820512775 0.6410256410256405 22.625583634500398
0.12179487179487136 0.6410256410256405 22.625583634500398
0.12179487179487136 0.38461538461538414 22.666005070632288
-0.9038461538461542 0.8974358974358969 22.32807562064249
-0.9038461538461542 0.6410256410256405 22.403277963786532
-0.6474358974358978 0.6410256410256405 22.496781475215737
-0.6474358974358978 0.6410256410256405 22.496781475215737
-0.6474358974358978 0.8974358974358969 22.42732185763001
-0.9038461538461542 0.8974358974358969 22.32807562064249
-0.3910256410256414 1.4102564102564097 22.27502206383112
-0.6474358974358978 1.4102564102564097 22.19012584325296
-0.3910256410256414 1.1538461538461533 22.403277963786532
-0.6474358974358978 1.4102564102564097 22.19012584325296
-0.6474358974358978 1.1538461538461533 22.32807562064249
-0.3910256410256414 1.1538461538461533 22.403277963786532
-0.3910256410256414 1.1538461538461533 22.403277963786532
-0.6474358974358978 1.1538461538461533 22.32807562064249
-0.6474358974358978 0.8974358974358969 22.42732185763001
-0.3910256410256414 1.1538461538461533 22.403277963786532
-0.6474358974358978 0.8974358974358969 22.42732185763001
-0.3910256410256414 0.8974358974358969 22.496781475215737
0.12179487179487136 -0.6410256410256414 22.625583634500398
0.12179487179487136 -0.8974358974358978 22.562705194350208
0.37820512820512775 -0.8974358974358978 22.562705194350208
0.37820512820512775 -0.8974358974358978 22.562705194350208
0.37820512820512775 -0.6410256410256414 22.625583634500398
0.12179487179487136 -0.6410256410256414 22.625583634500398
0.12179487179487136 -0.6410256410256414 22.625583634500398
-0.13461538461538503 -0.8974358974358978 22.541090736164755
0.12179487179487136 -0.8974358974358978 22.562705194350208
-0.13461538461538503 -0.6410256410256414 22.604936872202185
-0.13461538461538503 -0.8974358974358978 22.541090736164755
0.12179487179487136 -0.6410256410256414 22.625583634500398
0.12179487179487136 -0.6410256410256414 22.625583634500398
0.37820512820512775 -0.6410256410256414 22.625583634500398
0.37820512820512775 -0.384615384615385 22.666005070632288
0.37820512820512775 -0.384615384615385 22.666005070632288
0.12179487179487136 -0.384615384615385 22.666005070632288
0.12179487179487136 -0.6410256410256414 22.625583634500398
0.12179487179487136 -0.6410256410256414 22.625583634500398
-0.13461538461538503 -0.384615384615385 22.645935608191966
-0.13461538461538503 -0.6410256410256414 22.604936872202185
0.12179487179487136 -0.6410256410256414 22.625583634500398
0.12179487179487136 -0.384615384615385 22.666005070632288
-0.13461538461538503 -0.384615384615385 22.645935608191966
0.37820512820512775 1.4102564102564097 22.353687865052784
0.6346153846153841 1.4102564102564097 22.32807562064249
0.37820512820512775 1.666666666666666 22.19012584325296
0.6346153846153841 1.4102564102564097 22.32807562064249
0.6346153846153841 1.666666666666666 22.160160456067256
0.37820512820512775 1.666666666666666 22.19012584325296
0.12179487179487136 1.666666666666666 22.19012584325296
0.12179487179487136 1.4102564102564097 22.353687865052784
0.37820512820512775 1.666666666666666 22.19012584325296
0.37820512820512775 1.666666666666666 22.19012584325296
0.12179487179487136 1.4102564102564097 22.353687865052784
0.37820512820512775 1.4102564102564097 22.353687865052784
0.37820512820512775 1.666666666666666 22.19012584325296
0.6346153846153841 1.666666666666666 22.160160456067256
0.6346153846153841 1.9230769230769225 21.916114874039433
0.6346153846153841 1.9230769230769225 21.916114874039433
0.37820512820512775 1.9230769230769225 21.95581849468151
0.37820512820512775 1.666666666666666 22.19012584325296
0.12179487179487136 1.9230769230769225 21.95581849468151
0.12179487179487136 1.666666666666666 22.19012584325296
0.37820512820512775 1.666666666666666 22.19012584325296
0.37820512820512775 1.666666666666666 22.19012584325296
0.37820512820512775 1.9230769230769225 21.95581849468151
0.12179487179487136 1.9230769230769225 21.95581849468151
0.37820512820512775 -1.9230769230769234 21.95581849468151
0.12179487179487136 -1.9230769230769234 21.95581849468151
0.12179487179487136 -2.1794871794871797 21.5220759603661
0.12179487179487136 -2.1794871794871797 21.5220759603661
0.37820512820512775 -2.1794871794871797 21.5220759603661
0.37820512820512775 -1.9230769230769234 21.95581849468151
-0.13461538461538503 0.38461538461538414 22.645935608191966
-0.3910256410256414 0.12820512820512775 22.625583634500398
-0.13461538461538503 0.12820512820512775 22.666005070632288
-0.13461538461538503 0.38461538461538414 22.645935608191966
-0.3910256410256414 0.38461538461538414 22.604936872202185
-0.3910256410256414 0.12820512820512775 22.625583634500398
-0.13461538461538503 0.38461538461538414 22.645935608191966
0.12179487179487136 0.38461538461538414 22.666005070632288
0.12179487179487136 0.6410256410256405 22.625583634500398
-0.13461538461538503 0.38461538461538414 22.645935608191966
0.12179487179487136 0.6410256410256405 22.625583634500398
-0.13461538461538503 0.6410256410256405 22.604936872202185
-0.13461538461538503 0.12820512820512775 22.666005070632288
0.12179487179487136 0.12820512820512775 22.685803469911715
-0.13461538461538503 0.38461538461538414 22.645935608191966
0.12179487179487136 0.12820512820512775 22.685803469911715
0.12179487179487136 0.38461538461538414 22.666005070632288
-0.13461538461538503 0.38461538461538414 22.645935608191966
0.37820512820512775 1.1538461538461533 22.474049100459084
0.37820512820512775 1.4102564102564097 22.353687865052784
0.12179487179487136 1.1538461538461533 22.474049100459084
0.37820512820512775 1.4102564102564097 22.353687865052784
0.12179487179487136 1.4102564102564097 22.353687865052784
0.12179487179487136 1.1538461538461533 22.474049100459084
-0.6474358974358978 0.12820512820512775 22.562705194350208
-0.3910256410256414 0.12820512820512775 22.625583634500398
-0.6474358974358978 0.38461538461538414 22.541090736164755
-0.3910256410256414 0.12820512820512775 22.625583634500398
-0.3910256410256414 0.38461538461538414 22.604936872202185
-0.6474358974358978 0.38461538461538414 22.541090736164755
-0.6474358974358978 0.38461538461538414 22.541090736164755
-0.9038461538461542 0.38461538461538414 22.450903683861586
-0.9038461538461542 0.12820512820512775 22.47404910045908
-0.6474358974358978 0.38461538461538414 22.541090736164755
-0.9038461538461542 0.12820512820512775 22.47404910045908
-0.6474358974358978 0.12820512820512775 22.562705194350208
-0.9038461538461542 0.6410256410256405 22.403277963786532
-0.9038461538461542 0.38461538461538414 22.450903683861586
-0.6474358974358978 0.38461538461538414 22.541090736164755
-0.6474358974358978 0.38461538461538414 22.541090736164755
-0.6474358974358978 0.6410256410256405 22.496781475215737
-0.9038461538461542 0.6410256410256405 22.403277963786532
-0.3910256410256414 0.6410256410256405 22.562705194350208
-0.13461538461538503 0.38461538461538414 22.645935608191966
-0.13461538461538503 0.6410256410256405 22.604936872202185
-0.3910256410256414 0.38461538461538414 22.604936872202185
-0.13461538461538503 0.38461538461538414 22.645935608191966
-0.3910256410256414 0.6410256410256405 22.562705194350208
-0.6474358974358978 0.6410256410256405 22.496781475215737
-0.6474358974358978 0.38461538461538414 22.541090736164755
-0.3910256410256414 0.6410256410256405 22.562705194350208
-0.3910256410256414 0.6410256410256405 22.562705194350208
-0.6474358974358978 0.38461538461538414 22.541090736164755
-0.3910256410256414 0.38461538461538414 22.604936872202185
-0.3910256410256414 0.6410256410256405 22.562705194350208
-0.13461538461538503 0.8974358974358969 22.541090736164755
-0.3910256410256414 0.8974358974358969 22.496781475215737
-0.13461538461538503 0.6410256410256405 22.604936872202185
-0.13461538461538503 0.8974358974358969 22.541090736164755
-0.3910256410256414 0.6410256410256405 22.562705194350208
-0.6474358974358978 0.8974358974358969 22.42732185763001
-0.6474358974358978 0.6410256410256405 22.496781475215737
-0.3910256410256414 0.6410256410256405 22.562705194350208
-0.3910256410256414 0.8974358974358969 22.496781475215737
-0.6474358974358978 0.8974358974358969 22.42732185763001
-0.3910256410256414 0.6410256410256405 22.562705194350208
0.37820512820512775 -1.666666666666667 22.19012584325296
0.37820512820512775 -1.4102564102564106 22.353687865052784
0.12179487179487136 -1.4102564102564106 22.353687865052784
0.12179487179487136 -1.4102564102564106 22.353687865052784
0.12179487179487136 -1.666666666666667 22.19012584325296
0.37820512820512775 -1.666666666666667 22.19012584325296
0.37820512820512775 -1.666666666666667 22.19012584325296
0.12179487179487136 -1.666666666666667 22.19012584325296
0.12179487179487136 -1.9230769230769234 21.95581849468151
0.12179487179487136 -1.9230769230769234 21.95581849468151
0.37820512820512775 -1.9230769230769234 21.95581849468151
0.37820512820512775 -1.666666666666667 22.19012584325296
-0.13461538461538503 0.6410256410256405 22.604936872202185
0.12179487179487136 0.6410256410256405 22.625583634500398
0.12179487179487136 0.8974358974358969 22.562705194350208
0.12179487179487136 0.8974358974358969 22.562705194350208
-0.13461538461538503 0.8974358974358969 22.541090736164755
-0.13461538461538503 0.6410256410256405 22.604936872202185
0.12179487179487136 0.8974358974358969 22.562705194350208
0.37820512820512775 0.6410256410256405 22.625583634500398
0.37820512820512775 0.8974358974358969 22.562705194350208
0.12179487179487136 0.8974358974358969 22.562705194350208
0.12179487179487136 0.6410256410256405 22.625583634500398
0.37820512820512775 0.6410256410256405 22.625583634500398
0.12179487179487136 0.8974358974358969 22.562705194350208
0.37820512820512775 0.8974358974358969 22.562705194350208
0.37820512820512775 1.1538461538461533 22.474049100459084
0.37820512820512775 1.1538461538461533 22.474049100459084
0.12179487179487136 1.1538461538461533 22.474049100459084
0.12179487179487136 0.8974358974358969 22.562705194350208
-0.13461538461538503 1.1538461538461533 22.450903683861586
0.12179487179487136 0.8974358974358969 22.562705194350208
0.12179487179487136 1.1538461538461533 22.474049100459084
-0.13461538461538503 0.8974358974358969 22.541090736164755
0.12179487179487136 0.8974358974358969 22.562705194350208
-0.13461538461538503 1.1538461538461533 22.450903683861586
-0.13461538461538503 1.1538461538461533 22.450903683861586
-0.13461538461538503 1.4102564102564097 22.32807562064249
-0.3910256410256414 1.4102564102564097 22.27502206383112
-0.3910256410256414 1.4102564102564097 22.27502206383112
-0.3910256410256414 1.1538461538461533 22.403277963786532
-0.13461538461538503 1.1538461538461533 22.450903683861586
-0.13461538461538503 1.1538461538461533 22.450903683861586
-0.3910256410256414 1.1538461538461533 22.403277963786532
-0.3910256410256414 0.8974358974358969 22.496781475215737
-0.3910256410256414 0.8974358974358969 22.496781475215737
-0.13461538461538503 0.8974358974358969 22.541090736164755
-0.13461538461538503 1.1538461538461533 22.450903683861586
-0.13461538461538503 1.1538461538461533 22.450903683861586
0.12179487179487136 1.4102564102564097 22.353687865052784
-0.13461538461538503 1.4102564102564097 22.32807562064249
-0.13461538461538503 1.1538461538461533 22.450903683861586
0.12179487179487136 1.1538461538461533 22.474049100459084
0.12179487179487136 1.4102564102564097 22.353687865052784
0.6346153846153841 -1.666666666666667 22.160160456067256
0.8910256410256405 -1.4102564102564106 22.27502206383112
0.6346153846153841 -1.4102564102564106 22.32807562064249
0.8910256410256405 -1.666666666666667 22.09723237415458
0.8910256410256405 -1.4102564102564106 22.27502206383112
0.6346153846153841 -1.666666666666667 22.160160456067256
0.6346153846153841 -1.666666666666667 22.160160456067256
0.6346153846153841 -1.4102564102564106 22.32807562064249
0.37820512820512775 -1.4102564102564106 22.353687865052784
0.37820512820512775 -1.4102564102564106 22.353687865052784
0.37820512820512775 -1.666666666666667 22.19012584325296
0.6346153846153841 -1.666666666666667 22.160160456067256
0.37820512820512775 -2.1794871794871797 21.5220759603661
0.6346153846153841 -2.1794871794871797 21.412818796546816
0.6346153846153841 -1.9230769230769234 21.916114874039433
0.6346153846153841 -1.9230769230769234 21.916114874039433
0.37820512820512775 -1.9230769230769234 21.95581849468151
0.37820512820512775 -2.1794871794871797 21.5220759603661
0.6346153846153841 -1.9230769230769234 21.916114874039433
0.37820512820512775 -1.666666666666667 22.19012584325296
0.37820512820512775 -1.9230769230769234 21.95581849468151
0.6346153846153841 -1.9230769230769234 21.916114874039433
0.6346153846153841 -1.666666666666667 22.160160456067256
0.37820512820512775 -1.666666666666667 22.19012584325296
0.6346153846153841 -1.9230769230769234 21.916114874039433
0.8910256410256405 -1.9230769230769234 21.82923631860875
0.8910256410256405 -1.666666666666667 22.09723237415458
0.8910256410256405 -1.666666666666667 22.09723237415458
0.6346153846153841 -1.666666666666667 22.160160456067256
0.6346153846153841 -1.9230769230769234 21.916114874039433
