-0.20092201515522376 0.61570493753718 3.1252634881672057
-0.14837318042231895 0.35336109458655496 2.5896775894577506
0.21708899158449976 0.5435777880987194 3.789579131386165
0.19750306238077092 0.31691778657873787 3.1697460077509363
-0.14837318042231895 0.35336109458655496 2.5896775894577506
-0.05873105058383455 0.11243307555026749 2.155245876608526
0.19750306238077092 0.31691778657873787 3.1697460077509363
0.21708899158449976 0.5435777880987194 3.789579131386165
-0.14837318042231895 0.35336109458655496 2.5896775894577506
3.949699486785101 6.762594615373875 13.724722869753839
4.435739873042248 6.558596073765619 13.675154812258171
4.449250359778359 7.430280748312111 14.443646758028633
1.6691982797510885 4.9149315883402735 10.717868135271582
1.313720868322616 4.4170136823319455 9.984958928626888
2.2577380874902704 4.391632098410725 10.836588901530009
2.2577380874902704 4.391632098410725 10.836588901530009
2.6346870392535786 4.9394495308525155 11.559887553608709
1.6691982797510885 4.9149315883402735 10.717868135271582
3.4218564734897328 3.9030339083878633 10.71786813527158
2.6346870392535786 4.9394495308525155 11.559887553608709
2.2577380874902704 4.391632098410725 10.836588901530009
3.6753273233778625 4.502676977989294 11.45375950562281
2.6346870392535786 4.9394495308525155 11.559887553608709
3.4218564734897328 3.9030339083878633 10.71786813527158
3.042370688554089 5.517198791166364 12.282573853293593
2.6346870392535786 4.9394495308525155 11.559887553608709
3.6753273233778625 4.502676977989294 11.45375950562281
3.6753273233778625 4.502676977989294 11.45375950562281
3.9287981732659905 5.145151695419394 12.192172952935705
3.042370688554089 5.517198791166364 12.282573853293593
4.182269023154118 5.830458060678168 12.93273840399248
4.435739873042248 6.558596073765619 13.675154812258171
3.949699486785101 6.762594615373875 13.724722869753839
2.0617689862851414 5.4342653182629395 11.453759505622807
2.6346870392535786 4.9394495308525155 11.559887553608709
3.042370688554089 5.517198791166364 12.282573853293593
3.042370688554089 5.517198791166364 12.282573853293593
2.4914329879247736 5.9750148720999405 12.192172952935703
2.0617689862851414 5.4342653182629395 11.453759505622807
1.6691982797510885 4.9149315883402735 10.717868135271582
2.6346870392535786 4.9394495308525155 11.559887553608709
2.0617689862851414 5.4342653182629395 11.453759505622807
0.7140459307824101 3.4854253420582983 8.530564362117627
1.596381109538251 3.385651343226345 9.390079688916195
0.9953367519997234 3.940511600237954 9.255611125554388
2.154502224049091 1.5472932778108268 7.097521124491776
1.059223942959565 2.498868629745192 7.9483283583801665
0.8376715425217307 2.099987140650595 7.231816011870702
1.059223942959565 2.498868629745192 7.9483283583801665
0.2627441736645231 2.639500297441999 7.097521124491776
0.8376715425217307 2.099987140650595 7.231816011870702
1.91160292097714 3.8737132995251273 10.11312991816745
1.313720868322616 4.4170136823319455 9.984958928626888
0.9953367519997234 3.940511600237954 9.255611125554388
0.9953367519997234 3.940511600237954 9.255611125554388
1.596381109538251 3.385651343226345 9.390079688916195
1.91160292097714 3.8737132995251273 10.11312991816745
1.91160292097714 3.8737132995251273 10.11312991816745
2.2577380874902704 4.391632098410725 10.836588901530009
1.313720868322616 4.4170136823319455 9.984958928626888
2.914914773713477 2.8322427126710297 9.25561112555439
1.91160292097714 3.8737132995251273 10.11312991816745
1.596381109538251 3.385651343226345 9.390079688916195
-0.05873105058383455 0.11243307555026749 2.155245876608526
0.12673542494406398 0.005353955978584157 2.155245876608526
0.21860000834924798 0.11601421148973674 2.6061587480922705
0.21860000834924798 0.11601421148973674 2.6061587480922705
0.19750306238077092 0.31691778657873787 3.1697460077509363
-0.05873105058383455 0.11243307555026749 2.155245876608526
0.3802062748321928 0.04818560380725765 2.5896775894577524
0.19750306238077092 0.31691778657873787 3.1697460077509363
0.21860000834924798 0.11601421148973674 2.6061587480922705
0.21860000834924798 0.11601421148973674 2.6061587480922705
0.12673542494406398 0.005353955978584157 2.155245876608526
0.28738625445088367 -0.06207364027513541 2.1388621566978343
0.28738625445088367 -0.06207364027513541 2.1388621566978343
0.3802062748321928 0.04818560380725765 2.5896775894577524
0.21860000834924798 0.11601421148973674 2.6061587480922705
0.6336771247203217 0.1338488994646047 3.125263488167208
0.19750306238077092 0.31691778657873787 3.1697460077509363
0.3802062748321928 0.04818560380725765 2.5896775894577524
0.28738625445088367 -0.06207364027513541 2.1388621566978343
0.8871479746084496 0.2623438429506248 3.721244229318067
0.6336771247203217 0.1338488994646047 3.125263488167208
0.6336771247203217 0.1338488994646047 3.125263488167208
0.3802062748321928 0.04818560380725765 2.5896775894577524
0.28738625445088367 -0.06207364027513541 2.1388621566978343
0.6336771247203217 0.1338488994646047 3.125263488167208
0.8871479746084496 0.2623438429506248 3.721244229318067
0.21708899158449976 0.5435777880987194 3.789579131386165
0.21708899158449976 0.5435777880987194 3.789579131386165
0.19750306238077092 0.31691778657873787 3.1697460077509363
0.6336771247203217 0.1338488994646047 3.125263488167208
4.435739873042248 6.558596073765619 13.675154812258171
4.979342768446337 8.12797978209361 15.160854288796868
4.689210722930376 7.32956573468174 14.41917478118532
4.689210722930376 7.32956573468174 14.41917478118532
4.449250359778359 7.430280748312111 14.443646758028633
4.435739873042248 6.558596073765619 13.675154812258171
4.002984763477149 7.725758477096967 14.419174781185317
3.4620408765207764 7.1207614515169535 13.675154812258167
3.949699486785101 6.762594615373875 13.724722869753839
3.949699486785101 6.762594615373875 13.724722869753839
4.449250359778359 7.430280748312111 14.443646758028633
4.002984763477149 7.725758477096967 14.419174781185317
3.042370688554089 5.517198791166364 12.282573853293593
3.9287981732659905 5.145151695419394 12.192172952935705
3.480725420769655 6.1249065793766135 13.004284215003166
3.9287981732659905 5.145151695419394 12.192172952935705
4.182269023154118 5.830458060678168 12.93273840399248
3.480725420769655 6.1249065793766135 13.004284215003166
3.480725420769655 6.1249065793766135 13.004284215003166
2.4914329879247736 5.9750148720999405 12.192172952935703
3.042370688554089 5.517198791166364 12.282573853293593
3.480725420769655 6.1249065793766135 13.004284215003166
2.958190284669986 6.537180249851279 12.93273840399248
2.4914329879247736 5.9750148720999405 12.192172952935703
3.480725420769655 6.1249065793766135 13.004284215003166
4.182269023154118 5.830458060678168 12.93273840399248
3.949699486785101 6.762594615373875 13.724722869753839
3.949699486785101 6.762594615373875 13.724722869753839
3.4620408765207764 7.1207614515169535 13.675154812258167
3.480725420769655 6.1249065793766135 13.004284215003166
3.4620408765207764 7.1207614515169535 13.675154812258167
2.958190284669986 6.537180249851279 12.93273840399248
3.480725420769655 6.1249065793766135 13.004284215003166
0.46984840467067657 3.05175490779298 7.810778318585393
0.2627441736645231 2.639500297441999 7.097521124491776
1.059223942959565 2.498868629745192 7.9483283583801665
1.596381109538251 3.385651343226345 9.390079688916195
0.7140459307824101 3.4854253420582983 8.530564362117627
1.3121997946862713 2.9273928662879967 8.66816488351438
1.3121997946862713 2.9273928662879967 8.66816488351438
0.46984840467067657 3.05175490779298 7.810778318585393
1.059223942959565 2.498868629745192 7.9483283583801665
0.7140459307824101 3.4854253420582983 8.530564362117627
0.46984840467067657 3.05175490779298 7.810778318585393
1.3121997946862713 2.9273928662879967 8.66816488351438
2.154502224049091 1.5472932778108268 7.097521124491776
0.8376715425217307 2.099987140650595 7.231816011870702
1.9010313741609632 1.20464009518144 6.392504108811783
0.6478367663657846 1.7306249301253802 6.5203091721951205
1.6475605242728353 0.9048185603807266 5.69809395401395
1.9010313741609632 1.20464009518144 6.392504108811783
1.9010313741609632 1.20464009518144 6.392504108811783
0.8376715425217307 2.099987140650595 7.231816011870702
0.6478367663657846 1.7306249301253802 6.5203091721951205
0.4901264410431705 1.3906112468790601 5.816133032261706
0.3651196818426436 1.079703027418004 5.122597490988579
1.3940896743847064 0.6478286734086856 5.017659619170123
1.3940896743847064 0.6478286734086856 5.017659619170123
1.6475605242728353 0.9048185603807266 5.69809395401395
0.4901264410431705 1.3906112468790601 5.816133032261706
0.4901264410431705 1.3906112468790601 5.816133032261706
1.6475605242728353 0.9048185603807266 5.69809395401395
0.6478367663657846 1.7306249301253802 6.5203091721951205
0.6478367663657846 1.7306249301253802 6.5203091721951205
-0.04018440303104509 1.8792385484830458 5.698093954013947
0.4901264410431705 1.3906112468790601 5.816133032261706
1.3940896743847064 0.6478286734086856 5.017659619170123
0.3651196818426436 1.079703027418004 5.122597490988579
1.1406188244965776 0.43367043426531815 4.356165738227864
0.21708899158449976 0.5435777880987194 3.789579131386165
0.8871479746084496 0.2623438429506248 3.721244229318067
0.2736698964075682 0.7975420835760312 4.444580148899061
0.2736698964075682 0.7975420835760312 4.444580148899061
0.3651196818426436 1.079703027418004 5.122597490988579
-0.21637755478254875 0.8994646044021419 3.721244229318067
0.8871479746084496 0.2623438429506248 3.721244229318067
1.1406188244965776 0.43367043426531815 4.356165738227864
0.2736698964075682 0.7975420835760312 4.444580148899061
0.2736698964075682 0.7975420835760312 4.444580148899061
1.1406188244965776 0.43367043426531815 4.356165738227864
0.3651196818426436 1.079703027418004 5.122597490988579
-0.21637755478254875 0.8994646044021419 3.721244229318067
-0.20092201515522376 0.61570493753718 3.1252634881672057
0.2736698964075682 0.7975420835760312 4.444580148899061
-0.20092201515522376 0.61570493753718 3.1252634881672057
0.21708899158449976 0.5435777880987194 3.789579131386165
0.2736698964075682 0.7975420835760312 4.444580148899061
-0.21637755478254875 0.8994646044021419 3.721244229318067
0.3651196818426436 1.079703027418004 5.122597490988579
-0.19473979930429391 1.2046400951814393 4.356165738227864
0.6478367663657846 1.7306249301253802 6.5203091721951205
0.8376715425217307 2.099987140650595 7.231816011870702
0.09273323776394915 2.248661511005354 6.3925041088117815
0.09273323776394915 2.248661511005354 6.3925041088117815
-0.04018440303104509 1.8792385484830458 5.698093954013947
0.6478367663657846 1.7306249301253802 6.5203091721951205
0.09273323776394915 2.248661511005354 6.3925041088117815
0.8376715425217307 2.099987140650595 7.231816011870702
0.2627441736645231 2.639500297441999 7.097521124491776
3.4218564734897328 3.9030339083878633 10.71786813527158
2.2577380874902704 4.391632098410725 10.836588901530009
3.168385623601605 3.34622248661511 9.984958928626888
2.2577380874902704 4.391632098410725 10.836588901530009
1.91160292097714 3.8737132995251273 10.11312991816745
3.168385623601605 3.34622248661511 9.984958928626888
1.91160292097714 3.8737132995251273 10.11312991816745
2.914914773713477 2.8322427126710297 9.25561112555439
3.168385623601605 3.34622248661511 9.984958928626888
4.581021945539101 8.352171326591316 15.164593122655376
4.002984763477149 7.725758477096967 14.419174781185317
4.449250359778359 7.430280748312111 14.443646758028633
2.661443923825349 2.361094586555623 8.530564362117628
2.914914773713477 2.8322427126710297 9.25561112555439
1.596381109538251 3.385651343226345 9.390079688916195
1.596381109538251 3.385651343226345 9.390079688916195
1.3121997946862713 2.9273928662879967 8.66816488351438
2.661443923825349 2.361094586555623 8.530564362117628
-0.13600874872045943 1.5312314098750741 5.017659619170122
0.4901264410431705 1.3906112468790601 5.816133032261706
-0.04018440303104509 1.8792385484830458 5.698093954013947
0.3651196818426436 1.079703027418004 5.122597490988579
0.4901264410431705 1.3906112468790601 5.816133032261706
-0.13600874872045943 1.5312314098750741 5.017659619170122
-0.13600874872045943 1.5312314098750741 5.017659619170122
-0.19473979930429391 1.2046400951814393 4.356165738227864
0.3651196818426436 1.079703027418004 5.122597490988579
4.942681572818504 8.143367043426533 15.164593122655376
4.581021945539101 8.352171326591316 15.164593122655376
4.449250359778359 7.430280748312111 14.443646758028633
4.942681572818504 8.143367043426533 15.164593122655376
4.689210722930376 7.32956573468174 14.41917478118532
4.979342768446337 8.12797978209361 15.160854288796868
4.449250359778359 7.430280748312111 14.443646758028633
4.689210722930376 7.32956573468174 14.41917478118532
4.942681572818504 8.143367043426533 15.164593122655376
4.942681572818504 8.143367043426533 15.164593122655376
4.979342768446337 8.12797978209361 15.160854288796868
5.196152422706632 9.0 15.911238223712713
5.196152422706632 9.0 15.911238223712713
4.581021945539101 8.352171326591316 15.164593122655376
4.942681572818504 8.143367043426533 15.164593122655376
2.40797307393722 1.9327781082688882 7.810778318585394
1.3121997946862713 2.9273928662879967 8.66816488351438
1.059223942959565 2.498868629745192 7.9483283583801665
2.40797307393722 1.9327781082688882 7.810778318585394
2.661443923825349 2.361094586555623 8.530564362117628
1.3121997946862713 2.9273928662879967 8.66816488351438
2.40797307393722 1.9327781082688882 7.810778318585394
1.059223942959565 2.498868629745192 7.9483283583801665
2.154502224049091 1.5472932778108268 7.097521124491776
